ratio_threshold: [0.000001 , 0.000159998 , 0.008]
threshold_type: 1 # 0=static, 1=ratio, 2=gradient

#ratio_threshold: [0.000001 , 0.0002 , 0.005]

